0	1.95696e+006 -1.01458e+006 -478249 -662381 -1.26878e+006 0 
0	70712.4 -239957 -9497.43 -117641 -224747 0 
0	120707 -72149.8 -30385.5 -23760.4 -89426.7 0 
0	263458 -149938 -8134.02 -105814 -154711 0 
0	181728 -146567 -41541.5 -119047 -208852 0 
0	71687.5 -121113 5721.07 -26961.5 -103695 0 
0	415701 -180850 -61638.1 -135056 -182005 0 
1	-119451 63927.8 -37082.7 -96758.6 -154852 0 
0	368004 -143299 -94830.9 -88185.2 -40366.8 0 
0	321606 -188584 -58809.2 -77002.9 -153629 0 
0	274738 -208980 73079.7 -80135.9 -179947 0 
0	282200 -234107 69036.2 -114208 -127967 0 
0	253780 -165298 26085.2 -194055 -123383 0 
0	122601 -345662 34239.4 -49260.1 -320582 0 
0	379588 -362258 18305.4 -103101 -227355 0 
0	370298 -113788 -48637.6 -64071.1 -162564 0 
0	38071.2 32963.2 22466.6 -68275.7 -52943.7 0 
0	198100 -171763 -84977.4 -115726 -166136 0 
0	113229 -5902.93 -14083.2 -52745.2 -68671.8 0 
0	379242 -164311 16637 10804.4 -262818 0 
0	52206.5 -98385 -8547.12 -22443.2 -67332 0 
0	262391 -149174 -39303 -159107 -324897 0 
0	276597 -76987.1 35332.8 -92715.7 -190596 0 
0	630088 -151783 -206149 -250225 -248344 0 
0	33373.8 -67057.5 -34055 -6360.93 -44383.2 0 
5	-8225.45 -56385.1 -58077.2 -12467.8 -66112.5 0 
5	-110149 -72557.3 -33363.9 -48652.3 -163791 0 
0	21375 -2842.71 -10956.2 -43338.6 -49316.9 0 
0	325110 -289806 20955 -79049.9 -169107 0 
0	17733.3 -15874.8 -26758.2 -31557 -66438.6 0 
0	69837 -51044.3 7342.96 9771.4 -29564.9 0 
0	28985.3 -25329.3 22.7089 -42.9327 -6286.27 0 
0	634887 -385216 -73041.1 -288417 -451656 0 
0	256762 -68024.7 38043 -116059 -184828 0 
0	71858 -121120 5695.57 -27066 -103700 0 
2	-1040.24 -48657.9 35622.1 -36099.8 -53262.9 0 
0	359565 -165430 -92257.6 -134654 -201527 0 
0	149586 -118257 -89864 -32635.4 -158789 0 
0	109451 -194035 -24133.8 -95179.8 -125007 0 
0	67351.5 -120315 4974.07 -24040.5 -103377 0 
0	397014 -251127 -51109.1 -51427.2 -199642 0 
0	67902.6 -120418 5063.23 -24398.3 -103418 0 
0	83544.1 -107156 -31204.5 -14657 -80210.2 0 
3	-20368.3 -29556.8 -6610.26 19288.5 -26549.5 0 
0	539919 -368880 -10181.9 -233502 -333423 0 
0	7997.6 -92940.3 4422.52 -25618.8 -54070.8 0 
4	-21955.4 -85162.7 -14099.9 -16405 10754.3 0 
0	187000 -225711 92857.9 -89474.1 -247653 0 
0	67822.6 -120426 5069.23 -24342.3 -103396 0 
0	486846 -359832 -57926.1 -139117 -276234 0 
0	71754.1 -121118 5712.73 -27002.8 -103697 0 
0	310458 -141321 12196.5 -103387 -181594 0 
0	114943 -41089.3 43367.5 -4698.38 -45256.5 0 
0	257332 -94799.3 -77389.1 -41759.9 -79943.4 0 
0	201175 -256399 -49373.6 -55938.4 -227934 0 
0	67378.1 -120321 4969.73 -24044.8 -103381 0 
0	67839.6 -120420 5070.23 -24383.3 -103377 0 
0	7846.4 -98055.8 -98966.1 -289210 -409305 0 
0	305250 -218499 -525.841 -90249.4 -130831 0 
0	68400.1 -120493 5161.73 -24740.8 -103462 0 
0	360805 -183887 -65941.6 -91988.4 -215448 0 
0	431032 -239342 -48788.6 -46551.1 -196913 0 
0	71675.6 -121111 5723.23 -26959.3 -103692 0 
0	67292.8 -120316 4982.4 -23996.2 -103377 0 
0	68918.3 -120628 5251.9 -25077.7 -103470 0 
0	372237 -267077 -41885.2 -81697 -181712 0 
0	71675.6 -121111 5723.23 -26959.3 -103692 0 
0	98430.4 -58267.1 -16274.5 8565.25 -64540.6 0 
0	67293.8 -120317 4982.4 -23996.2 -103377 0 
0	626219 -297160 -218490 -232477 -240507 0 
0	497589 -117388 -131552 -254588 -318809 0 
0	75457.1 -57879.5 8141.01 16501.1 -37361.5 0 
0	283134 -239676 148986 -36672.6 -128864 0 
0	202528 -151021 -162130 -184969 -148669 0 
0	276109 -211536 -32896.2 -145971 -159975 0 
5	-36939.2 -41481.5 -84680.4 -119095 -99580.1 0 
0	30677.8 -94280.4 13744.7 -1340.53 -72273.7 0 
0	302833 -97533.7 -45108.3 -166604 -190048 0 
0	37661.1 -8584.72 -3903.58 -8819.25 -29458 0 
0	26461.4 -49211 -30916.7 -7410 -8971.58 0 
0	67294.8 -120317 4982.4 -23996.2 -103377 0 
0	69187.6 -109317 4737.55 -25717.4 -92067.8 0 
0	629171 -312689 62279.3 -81665.7 -197067 0 
0	77368.5 -44369.9 21.1044 -5652.73 -21151.1 0 
0	4692.08 1568.21 -24944.3 -34473.5 -42421.8 0 
0	70027.6 -120812 5446.23 -25847.3 -103573 0 
0	200532 -103675 68853.9 27008.1 -196152 0 
0	14261.2 -23151.7 -38391.6 -13893 -16842.3 0 
0	30089.5 -52415.5 -22142 -9564.85 -30624.8 0 
0	67859.8 -120426 5071.4 -24358.2 -103421 0 
0	77908.1 -32431.1 -14574.8 -7278.76 -21616.6 0 
0	51197.2 -14161.7 11423.5 -15964.7 -13231.1 0 
0	22207.6 -18592.3 -12845.9 -13688.9 -14797.5 0 
0	323700 -134680 18178.4 -144849 -165005 0 
0	200035 -247297 -100747 -102422 123090 0 
0	71664.3 -121123 5718.9 -26961.7 -103652 0 
0	53398.3 -16014 -45798.5 -24546.4 -36117.4 0 
1	-17105.5 7661.61 -33462.6 -50458.7 -32408.2 0 
0	68081.1 -109117 4554.05 -24970.9 -91988.3 0 
0	275979 -120884 97993.5 -185781 -298884 0 
0	50687.5 -27287.4 -37023 -33681.9 -24505.6 0 
0	56011.4 -37464.9 -3827.8 -458.715 -17731.9 0 
0	314851 -55534.7 -70491.9 -126545 -205536 0 
0	71672.5 -121112 5721.07 -26949.5 -103693 0 
0	307102 -57268.8 -18724 -98426.6 -205425 0 
0	21976 -45044 5916.85 7445.7 -33537 0 
0	53121.2 -74716.9 -19964.5 -13232.3 -44600.8 0 
0	30529.5 -53912.1 -1200.02 14363 -28778 0 
0	85560.6 -34479.9 -12929.2 -12610 -27959 0 
0	19097.4 -47887.8 5197.6 7635.02 -36434.2 0 
0	16004 -43043.6 -22469.7 -25268.8 -35602.2 0 
0	363574 -131577 -29464.9 -134253 -217608 0 
0	290185 -256167 24209.6 -145324 -118616 0 
0	399413 -174498 -14088.1 -101865 -254159 0 
5	-4347.76 -255107 -225716 -278892 -166103 0 
0	213364 -133590 -29646.3 -74061.7 -123270 0 
0	46417.9 -22178.2 -12948.9 3379.53 -20313.8 0 
0	63940 -34185.7 -26761.1 -18742.4 -18384 0 
0	52988.3 -34067.2 -11551 -10947.5 -15400.1 0 
0	49892.1 -32982.3 -41119.5 -16552.3 -20812.7 0 
1	-209086 120617 -47321.8 -109160 -135361 0 
1	-268439 133262 -269407 -189481 -222879 0 
2	-71659.9 -26609.5 4323.18 -18151 -43840.5 0 
1	-85245.1 17794.1 -9848.07 -3798.52 -80119 0 
5	-62894.1 -16827.2 -47179.8 -84601.7 -87169.5 0 
1	-74895 110650 -11765.4 -91207.4 -102938 0 
1	-73900.5 220667 -62702.8 -55270.7 -163311 0 
1	-64319.8 134759 -67763.9 -80614.9 -276097 0 
1	-447416 572579 -45911.6 -133458 -385271 0 
1	-302900 369370 -63765.2 -166410 -67300.1 0 
3	-50236.9 363.671 -45769.8 6337.08 -100602 0 
1	-47308.6 29850.9 -21756.1 -29140.3 -11317.5 0 
1	-52907.6 3882.46 -44382.7 -20179.2 -97018 0 
1	-113134 11666.5 -25532.4 3282.58 -215052 0 
2	-88887.7 -79457.3 2181.36 -626.275 -100437 0 
3	-57114.3 -65360.1 7360.97 10963.1 -45550.9 0 
3	-127032 -84047.5 9636.72 20770.9 -102909 0 
1	-43789.1 36639.2 -1140.28 -73558.5 -40152.9 0 
1	-86356.2 84652.8 -67883.7 -52419.9 -73199.7 0 
1	-98866.5 55168.6 -37573 -62574.8 20683.3 0 
1	-179868 44698 5722.72 -31047.4 -144947 0 
1	-119072 164667 -24381.9 -148043 -143068 0 
3	-14562.1 -15258.2 -7092.35 3123.23 -3258.96 0 
1	-104595 76126.9 -20816.8 43639.7 -45995.6 0 
1	-133016 124434 -8750.26 -24836.4 -31921.2 0 
1	-127533 281625 -51390.6 -165342 -204091 0 
1	-25508.4 51199.4 2289.21 -34417.6 -28347.1 0 
1	-128097 48862.4 -91396.7 -62725.8 -29081.9 0 
1	-253451 242388 -220617 -205635 -163522 0 
1	-41102.7 207782 -122461 -224440 -232665 0 
5	-20255.5 -3474.83 -40043.2 -22774.1 -19118.9 0 
1	-27942.8 38456 -26336.9 -28175.2 -21739.2 0 
1	-57041.2 61304.1 -62566.6 -53982.1 -66484.1 0 
1	-36242.3 16027.2 -21862.8 -10775.1 -21628.5 0 
1	-859543 769080 -583201 -523363 -294272 0 
1	-227787 138113 -93148.9 -84430.6 -64045.9 0 
1	-176643 273147 -129897 -166293 -197196 0 
0	66132.9 -23552.5 -94771.1 -153389 -116394 0 
1	-232461 15926.7 -155449 -197185 -166881 0 
1	-31272.7 74310.5 -62758.4 -54084.3 -56109.5 0 
1	-36257 96952.3 -68984.7 -27782.9 -22797.5 0 
1	-17566.6 22519.1 -2884.76 -29118.8 -15184.5 0 
1	-37271.6 41363.7 -21962.3 -36923 -5060.47 0 
1	-40344.2 34067.9 -57353.4 -28957.2 20683.1 0 
1	-97190.8 203476 -24708.6 -450815 -626405 0 
1	-147543 92575.6 -47916.5 -127260 -92224.9 0 
1	-552944 526734 -347153 -296722 -392912 0 
1	-121391 79544.8 -110235 -163489 -136616 0 
1	-174790 244101 -158142 -173596 -210357 0 
1	-94240.6 63618.8 -50379.1 -64437.1 59349.8 0 
1	-64631 20605.9 -46381.4 -4333.18 -111577 0 
1	-389746 357102 -50867.8 -50074.8 -138410 0 
1	-553210 376890 -293818 -198094 -70463.4 0 
1	-478053 519497 -317804 -177192 -163078 0 
4	-22061.3 -1600.09 -16426.4 12573.2 21886.2 0 
1	-361580 178689 -222284 -61569.6 45597.5 0 
3	-27692.8 -478.61 -24087.4 2500.17 -24544.7 0 
1	-92225.7 139096 -20783.9 17985.2 2128.8 0 
1	-384743 279499 -198531 -178504 -97857.3 0 
1	-852972 696796 -279345 -139762 -416564 0 
1	-192942 53195.9 -57151.4 -126893 52094.6 0 
1	-252998 370611 -139542 -176955 -120701 0 
1	-938774 913363 89074.2 -793894 -306183 0 
1	-161663 228033 8796.74 -88806.9 -115669 0 
1	-670814 691557 -449190 -317447 -175745 0 
1	-324938 336935 -286113 -203599 35029.5 0 
1	-451070 676937 -157999 -182757 -276370 0 
1	-1.02934e+006 822776 -197524 -553870 -817067 0 
1	-176391 116001 -22618.4 -127969 -149971 0 
5	-77547.5 -42855.5 -17176.8 -17399.5 -84288.6 0 
1	-315538 297971 -291382 -211888 32807.5 0 
1	-1.19607e+006 899302 -943212 -782379 -168158 0 
1	-294997 476686 96536.8 -26753.8 -158415 0 
1	-580327 862917 -60546 -318282 -400257 0 
1	-214565 228927 -31520.6 -45428 -56236 0 
1	-311361 325987 67618.8 -264019 -148320 0 
1	-69031.4 57668.8 -3298.61 -56443.1 -49192.7 0 
3	-923.083 -2235.49 -3593.34 8980.41 -21681.9 0 
1	-361533 350054 -91391.3 -155174 -317557 0 
1	-2.05857e+006 2.7941e+006 -571693 -1.67117e+006 -1.21147e+006 0 
1	-636676 262158 -132748 -480471 -343965 0 
1	-521259 500212 -388815 -379476 -161736 0 
2	-20361.7 -70407.6 346281 -315.984 -29854.7 0 
2	-84769.9 -201822 408180 -121980 36228.9 0 
2	503.14 -59903.4 93556.7 -26111.6 41461.8 0 
2	-45494 -130844 252307 -45834.8 225.711 0 
2	-125473 -43248.8 106635 -19877.3 32380.5 0 
2	-119842 -65267.5 94671.8 -17878.1 57168.7 0 
2	18759.4 -58251.2 86537.6 -23546.9 16994.3 0 
2	-115323 -101572 327270 -92525.5 -82033.6 0 
2	-26978.6 -53213.2 53433.7 -8605.14 32294.9 0 
2	-26489 -92511.3 175721 -89822.9 8699.13 0 
2	32973.7 -54158 114144 2260.61 -6346.83 0 
2	-64210.9 -93418.9 185801 -76874.3 11272.7 0 
2	-45262.4 -112212 197936 -39640.2 21086 0 
2	-19581.9 -55764.1 125993 -37560.2 27906.2 0 
2	-152007 -69271.4 88014.5 -96612.1 1669.66 0 
2	-40238.9 -57560.9 231985 -82727.3 31668.1 0 
2	-11328.1 -40770.3 62123.7 -11699.3 31826.3 0 
2	-151345 -153216 164712 -64525.7 -38875 0 
2	13920.3 -198153 107000 -25250.4 -120327 0 
2	-89017.5 -45766.8 104002 -29653.6 -86145.6 0 
2	-81149.6 -87915.4 162703 -95498.8 -80717.1 0 
2	-113529 -268209 281069 -104035 -246983 0 
2	-30324.4 -142110 43688.5 -76201.7 -118318 0 
2	-49303.4 -28139.2 155468 -112495 -105123 0 
2	-17078.2 -39897 35598.6 239.768 -26900.9 0 
2	-162056 -175374 111094 -101534 -70671 0 
2	-24154 -44536.1 43485.8 -2056.84 -15088.1 0 
2	-64980 -35621.7 68622.6 -28017.4 -37297.8 0 
2	6525.25 -28730 69556.3 -7361.58 -26119.2 0 
2	-7383.09 -57085.4 43.0324 -3877.59 -47339.7 0 
2	-64872.3 -42093.6 35917 -37557.4 -19398.8 0 
2	-218135 -101320 346187 -99169.7 -183539 0 
2	-25383.7 -79241.6 284099 -126885 -150379 0 
2	-11296.9 -44966.3 36913.6 -21674.6 -32088.7 0 
2	-32474.5 -211223 163095 -39753.4 -46008.1 0 
2	-37314.1 -123353 101046 -11398.5 -89621.3 0 
2	-138253 -105564 182816 -28248.7 -67135.3 0 
2	-65196.3 -158506 241148 -82516.4 -124126 0 
2	-118032 -223799 283730 -124152 -175395 0 
2	-166615 -47551.7 226987 -59903.7 -118383 0 
2	-274275 28647.4 295153 -298765 -173526 0 
2	-12917.1 -152349 128026 -38245.7 -36069.7 0 
2	-55864.1 -92416.3 141405 -108489 -70007.8 0 
2	-54218 -122578 261461 -58101 -88279.9 0 
4	-270861 -379186 155980 -135450 484994 0 
2	33763.4 -40234.9 159623 -301.403 -122613 0 
2	-153030 -234723 239533 -9798.45 -119396 0 
2	-12194.1 -43161.4 43838.2 -432.123 -30409.9 0 
2	-43469.4 -49972.2 85303.1 -1095.08 -51034.4 0 
2	-7560.02 -219158 200159 -39016.7 -121369 0 
2	25147 -6580.68 26624.3 23616.9 -29073.4 0 
2	9350.06 -28323.3 45051.8 -10948.7 -27587.1 0 
2	-126428 -24692.8 190865 -111990 -105196 0 
2	-145042 -71876 174480 -18013.5 -68418.1 0 
2	16708.8 10791.1 66348.8 -41385.2 -58480.4 0 
3	-60140.9 -71525 -26107.5 92450.4 -27518.3 0 
3	-98143.2 -88517.5 -49833.5 263653 -72678.7 0 
3	-27277.5 14100.1 -29582.8 94857.1 -47554.4 0 
3	-90044.3 -103157 -69377.6 170365 -58039.6 0 
3	-65236.3 -105803 -61413.5 203844 -82679.3 0 
3	-8009.69 -18330.7 -3642.58 47797.2 -22171.4 0 
3	-86649.8 -17519.5 -29015.7 136846 -95858.7 0 
3	-78476.4 -62137.5 -63054 192107 -65701.7 0 
3	-100497 -83918.2 -38491.7 242630 -68425.6 0 
3	-137253 -150741 -75379.2 404925 -97913.9 0 
3	-3762.26 -39693.4 -5862.91 28034.3 -25041.9 0 
3	-11773.6 -42229.2 -4891.98 47926.8 -15269.7 0 
3	-88669.2 -174493 -66123.3 169159 -22112.1 0 
3	-63351.7 -89137.3 -36230.6 207777 -65518.1 0 
3	-39157.8 -8662.49 -9854.33 92225 -48972.7 0 
3	-49074.1 -84176.4 -110275 152440 -143405 0 
3	-51383.9 -104954 -59762.6 77780.8 -166034 0 
3	-32846.4 -52727 -79156.8 189290 -92143.5 0 
3	-65375.2 -122394 -69735.2 92325.6 -68596.1 0 
3	-41948.9 -28896.5 -25650.4 73613.3 -16664.4 0 
3	-27980.3 -70975.9 -339.219 30621.8 8338.67 0 
3	-30163.7 -48405.2 -14009.5 123931 -30191.3 0 
3	-71656.6 -46740.3 -15775.1 96550.2 -39122.1 0 
3	-13189.6 -103222 -46935.8 154385 -114435 0 
3	-77380.6 -140301 3327.8 131242 -103014 0 
3	-51312.1 -25297.9 -52350.5 139480 -69659.5 0 
3	-130007 -106955 -39144.3 171241 -102998 0 
3	-73776.4 -53958.6 -39232.7 200113 -37530.7 0 
3	-159982 -126921 -62016.3 168738 -82756.4 0 
3	-61455.5 -123448 -91867.6 233896 -183140 0 
3	-50843 -82227.8 -2805.76 73734.5 -35979.1 0 
3	-10212.1 -48201.1 -8951.93 49805.4 -17532 0 
3	-41197.5 -76877 -25288.1 22234.7 -78522.1 0 
3	-100745 -70307.3 -18663.8 59060.4 -28337.8 0 
3	-59644.1 -60868.1 -24171.3 159434 -28179.9 0 
3	-99022.4 -64828.6 -47825.6 99550 -103554 0 
3	-136040 -112693 -74890.2 296165 -138718 0 
3	-35571.9 -56311.9 1744.87 76474.7 -53004.8 0 
3	-69623.3 -33436 13021 63765.4 -22059.4 0 
3	-50778 -149867 10043.3 86658.3 -133523 0 
3	-129298 -184525 -101432 439740 -77657.3 0 
3	-51501.4 -43409.1 -15202.1 159083 -36483.5 0 
3	-58216.8 -84809.1 -32192.7 115765 -113510 0 
3	-39500.8 -21459.4 -38828.5 143290 -63652.6 0 
3	-120545 -174598 -92680.6 353045 -115531 0 
3	-95834.9 -86989.2 -4941.55 167542 -47891.5 0 
3	33575.5 -194427 -1560.36 47225.5 -204395 0 
3	-6719.34 -38557.2 -3836.22 53118 -25800.9 0 
3	-67447.4 -68046.2 -9682.63 132775 -32681.9 0 
3	-5334.32 -44250.7 28259.4 38704 2762.25 0 
3	-26504.1 -47278.2 -12675 25366.7 14728.3 0 
3	-39030.9 -21687.6 -21059.3 9966.4 7885.35 0 
4	-35091.3 -47760.9 -14262.8 3051.42 13935.5 0 
3	-42570.9 -32802.9 396.091 82276.4 -12186.8 0 
3	-67677.2 -113745 -48292.5 254564 -53855.3 0 
3	-114910 -118206 -3768.59 110475 -85204.8 0 
2	-70058.5 -78931.9 9769.36 3906.12 -102132 0 
3	14769.3 -181698 -4290.64 76196.8 -155147 0 
3	-73402.6 -80988.8 -31053.6 61501.5 21607.9 0 
3	-23261.4 -43177 -9455.31 118442 -40310.7 0 
3	-40427.3 -53188.6 -7794.1 83737.1 -48289.5 0 
3	-22424.8 -19896.3 -20276 93765.9 -23200.3 0 
3	-140577 -42273.6 -78946.9 201413 -122627 0 
3	-14906.9 -46662.7 -5658.55 41517.5 -29319.1 0 
3	-39470.3 -57506.7 -21269.6 88189.8 -71589.4 0 
3	-46831 -127569 -44768.2 149697 -87287.8 0 
3	-46031.2 -74138.5 -11951.4 94811.3 -49062.7 0 
3	-72086.2 -75003.3 -54994.1 54625.6 -6317.01 0 
3	-74583 -57641.5 -41018 83079.1 -23821.7 0 
3	-74419.6 -26174.4 -43621.1 28877.1 -73727.2 0 
3	-25961.6 -43864.7 -6411.41 63953.9 -27492.4 0 
3	-20874.3 -45277.8 -23469.6 71070.4 -19950.4 0 
3	-120193 -78920.6 -14036.3 150534 -74782.7 0 
3	-41967.2 -19302.6 -30920.9 114974 -48542.5 0 
3	-226012 -279264 -118021 728082 -92208.1 0 
3	-13110.3 -33081.6 -11949.5 50219.3 -3694.18 0 
3	-43203.7 -110037 -5150.81 147580 -50059.8 0 
3	-41903.3 -10829.9 -37172.8 109447 -111591 0 
3	-95231.1 -107540 -47812.5 120264 -30025.5 0 
3	-24537.4 -96918.9 -14349.2 126268 -55030.6 0 
3	-43603.7 -102946 -49253.7 176363 -63497.9 0 
3	4414.37 -20004.3 -4170.66 21274.1 -9228 0 
3	-95572.8 -63041.1 -42392.4 198266 -112106 0 
3	-88026.5 -105947 -89856.1 103881 -46548.3 0 
3	-42602 -108774 -78674.9 67830.3 -47536.4 0 
3	-53108.6 -61568.7 -31103.4 191034 -78757.9 0 
3	-23524.1 -70143.7 4153.43 62553.3 -42738.5 0 
3	-57822.6 -41319 -44268.8 34530.6 -13887.6 0 
3	-29184.4 -36674.5 -19384.9 42559.8 -10254.6 0 
3	-79014.8 -83270.3 -50429.2 246986 -79950.1 0 
3	-64097.5 -113188 -554.336 143657 -108999 0 
3	-56429.9 -70478.8 -36491.1 216542 -68089.3 0 
3	-126698 -76875.3 -65382.3 359594 -119291 0 
3	-81835.9 -75708.4 -50896.5 153406 -99130.2 0 
3	-13200.7 -21592 -2775.59 24537 -22578.5 0 
3	-29542.5 -93858.5 -801.067 136406 -29941.3 0 
3	-171081 -109306 -43565.2 306948 -85452.2 0 
3	-92556.5 5928.64 -55096.7 84908.3 -104461 0 
3	-12820.3 -28887.9 -13947.8 40137.1 126.536 0 
3	-97895.4 -120110 -66463.2 310744 -51236.7 0 
3	-130581 -128609 -36313.9 226440 -90146 0 
3	-29985.1 -31487 -1652.68 32137.4 -23066.4 0 
3	-105265 -75519.8 -58543.3 301052 -83824.6 0 
3	-108054 -139889 -89142.8 399793 -75964.3 0 
3	-61233.1 -125157 -25924.7 216849 -35143.1 0 
3	-14320.9 -31445.3 -9437.69 53532.7 -48886.7 0 
3	-62936 -89415.6 -84949.6 81618.5 -82116.6 0 
3	-102190 -83442.6 -23297.6 337302 -69588.8 0 
3	-103189 -114402 -81128 336758 -107007 0 
3	-40865 -85713 -25826.4 125597 -66455.5 0 
3	-98728 -119177 -43622.2 76086.6 -79623.7 0 
3	-129916 -78856 -68131.2 415184 -111098 0 
3	-16021.2 -30814.7 -2279.07 76411.6 -31417.3 0 
3	-79192.1 -78553.4 -25960.7 144934 -73334.5 0 
3	-123287 -58955.6 -44560.6 182807 -79823.5 0 
3	-200686 -210818 -82084 614393 -85852.7 0 
3	-55454.6 -91790.4 -77975 191319 -57269.4 0 
3	-40637 -88613.1 -33894 40446.4 19711.8 0 
3	-28204 -64856.8 -39164.5 35952.9 -1545.34 0 
3	-57791.6 -64892.5 -16121.5 184962 -55572.2 0 
3	-60433.8 -61284.5 -26998.9 203674 -67224.3 0 
3	-115721 -70732.3 -65621.5 262416 -100658 0 
3	-41212.3 -74828.2 -49391.9 149096 -46330.4 0 
3	-35249.8 -55141.4 -3844.63 113945 -39075.4 0 
3	-245024 -225662 -118354 649921 -145819 0 
3	-120777 -99682.3 -40860.9 379812 -69515.9 0 
3	-54450.1 -37544.6 -12578.7 94655.1 -74930.6 0 
3	-58932.2 -62783.1 -13650.7 116670 -65428.7 0 
3	-32631.1 -79656.2 -14030.3 32480.1 -59482 0 
3	-25011.9 -32899.8 -20479.1 97626.1 -35306.9 0 
3	-71439.5 -61342.6 -96185.7 207726 -83691.2 0 
3	-40636.5 -82720.8 -17828.5 156449 -63424.3 0 
3	-64641.7 -73604.9 -34889.7 170857 -35245.4 0 
3	-140510 -194536 -57958.3 386265 -117281 0 
3	-156135 -206736 -113030 599165 -101874 0 
3	-34967.8 -27425 -15695.6 116828 -25777.5 0 
3	-642.189 -38755.2 -32316.6 104839 -51375.1 0 
3	-27908.4 -49402.6 -18223.8 69638.8 -8264.6 0 
3	-36433 -24314.5 -27586.3 32022.9 -397.169 0 
3	-43838.6 -32850.8 -16383.7 91900.1 1291.49 0 
3	-27268.8 -85263.8 -76676.6 88653.6 -39145 0 
3	-94379 -97961.3 -56529.9 344962 -93570.1 0 
3	-48659.9 -82138.6 -15496.1 85464.9 -26724.9 0 
3	-102131 -83810.5 -83258.5 241691 -107347 0 
3	-118905 -6969.7 -79324.7 82852.3 -85391.4 0 
3	-38952.7 -81123.3 -29086.1 130112 -46972.4 0 
3	-22724 -79571.9 -26656 117742 -34213.6 0 
3	-28256.3 -81611.3 -21773 56118.9 -5467.85 0 
3	-90060.5 -147953 -52716.4 282985 -130072 0 
3	-229455 -247062 -133111 765139 -85762.2 0 
3	-52562.3 -39560.4 -78045.9 118664 -90750.1 0 
3	-44197.3 -57440.7 -39110.3 116336 -47940.7 0 
3	-35601.9 -65584.7 -33699.2 102065 -72057.1 0 
3	-56376 -33241.4 -15106.4 112761 -34181.1 0 
3	-33457 -66376.5 -12032.7 96307.3 -55349 0 
3	-77134.6 -49515 -55586.8 59241.7 -57359.2 0 
3	-40596.9 -80246.9 -30467.6 146350 -38509.8 0 
3	-103747 -81460.2 -84348.9 344825 -125920 0 
3	-147628 -166519 -97116.5 502615 -81151.4 0 
3	-28730.4 -29403.1 -5070.43 47217.8 -19071.7 0 
3	-39697.3 -59170.4 -35752.6 188754 -51366.8 0 
3	-15956.6 -61502.2 -17154 98007.2 -77564.3 0 
3	-60234.4 -81523.6 -2786.42 120480 -70297.6 0 
3	-35626 -48386.7 -67788.2 93667.6 -56398.2 0 
3	-87132.2 -56595.6 -44258 139860 -47069.6 0 
3	-5068.99 -71296.5 -28806.9 124014 -38740.9 0 
3	-179403 -247518 -110997 627076 -84979.9 0 
3	-59810.7 -112804 -88221.2 141904 -63567.3 0 
3	-36985.6 -59850.2 -16228.6 110553 -64938.2 0 
3	-21145.8 -84662 -19570.4 128164 -39992.5 0 
3	-48597.3 -17960.5 -36738.4 64945.7 -102819 0 
3	-101923 -150809 -102014 444517 -114485 0 
3	-136280 -200800 -151340 593845 -149825 0 
3	-61290.2 -31491.3 -45329.2 113726 -47343.5 0 
3	-81680.7 -92300.3 -38686.9 206527 -94505.3 0 
3	-65497.1 -22703.6 -30472.4 10791.1 -92103.5 0 
3	-24719.9 -24675 -12751.1 58619.7 -35067 0 
3	-60619 -167945 -71387.9 96247.5 -57324.4 0 
3	-56823.5 -72854.3 -54055.9 116557 -4638.06 0 
3	-199461 -194930 -121465 657419 -118888 0 
3	-67563.2 -137809 -56529.3 42167.5 -16064.5 0 
3	31738.8 -120050 -12360.7 78369.7 -84912.1 0 
5	-95666.4 -51886 -133043 -7589.07 -124408 0 
3	-76977 -75913.1 -45116.7 198420 -117199 0 
3	-107069 -91573.1 -20543.9 114174 -62279.6 0 
3	-34549.5 -17031.8 -13369.6 79469.3 -42461.4 0 
3	-25912.3 -48785.7 -10895.9 107102 -105445 0 
3	-133668 -164006 -68833.1 394085 -136038 0 
3	-22213 -24396 -6845.27 59098.3 -28919 0 
3	-21121.4 -45466.9 -7497.82 48043.3 2967.64 0 
3	-47960.3 -41448.8 -22488.1 192266 -50614.2 0 
3	-212038 -211132 -128821 601885 -76091.2 0 
3	-101170 -69005.5 -36495.8 265047 -56050.3 0 
3	-52059 -202655 -27392.5 185521 -135213 0 
3	37457.4 -448705 32839 152947 -401366 0 
3	-49531.4 -64295.9 -17832.4 149588 -81389.3 0 
3	-27420.7 -35748.6 -8030.84 79986.1 -24641.7 0 
0	77737.6 -454655 27768.7 4340.54 -426887 0 
3	-105898 -29691 -28194.5 104493 -45117.9 0 
3	-45097.7 -70959.1 19544.7 124852 -49180.4 0 
3	-140969 -75184.6 -125473 79872.9 -95704.8 0 
3	-88154.6 -91737.1 -44525 180411 -93880.6 0 
3	-7624.3 -28454.4 -13227.6 104712 -37345.3 0 
3	7969.29 -52374.4 -16113.4 91998.7 -30096.7 0 
3	-174293 -145996 -158074 603225 -181053 0 
3	-84972.7 -46802.5 -24835.8 174146 -84606.1 0 
3	-37621 -24408 -17104.3 119798 -40124.4 0 
3	-77787.5 -79658.8 -39155.3 242820 -47392.5 0 
3	-54029.9 -73292.3 -22872.9 170499 -24072.7 0 
3	-40644.1 -35952.6 -2335.92 64536.1 -6968.71 0 
3	-75841.1 -109936 -27400.1 277705 -68704.3 0 
3	21507.4 -54709.6 -36129.1 80901.6 -97477.6 0 
3	-18582.8 -57645.1 -18380.2 105297 -79824.2 0 
3	-18578.3 -39087.4 -41004 91913.3 -87575 0 
3	-60831.3 -131618 -44450.2 197309 -17308 0 
3	56564.6 -520425 19117.8 160692 -480190 0 
3	-135506 -196489 -101014 473021 -129824 0 
3	-33213 -67068.8 -14009.2 93933.6 -68383 0 
3	-218377 -198644 -78571.6 557719 -99001 0 
3	-45105.4 -62393.1 -19780.6 150178 -60636.9 0 
3	-120633 -136939 -88619.5 231822 -43329.6 0 
3	-33033.9 -26628.5 -16722.7 43645.8 -16177.9 0 
3	-25222 -45690.5 -15579.8 65815.4 -22143.9 0 
3	-121590 -65184.4 -43045.6 250999 -56274.4 0 
3	-46545.9 -80785.8 -43612.1 165502 -71713.9 0 
3	-14713.5 -206.132 -19522.3 61018.2 -45469.1 0 
3	-137820 -64121.3 11591.7 56073.2 -99944 0 
3	-20074.2 -49710.8 -12780.2 49755.3 -20897.3 0 
3	-16834.3 -32158.8 -15342.5 48656.2 -15298.7 0 
3	-56777.2 -50373.5 -24565.5 52529.9 4777.09 0 
3	-105683 -41395.5 -18095.6 174164 -107578 0 
3	-18650.2 -41406 -16694.4 41982.5 -32847.2 0 
3	-63416.4 -50848.5 -52515.2 75284.2 -63867.9 0 
3	-27144.7 -29789.1 -12971.7 64892.8 -54543.1 0 
3	-21979.4 -61519.4 -35568.9 108952 -81762.2 0 
3	2947.88 -65309.1 -23517.3 42864.3 -31921.2 0 
2	-34198 -51032 6419.73 -6232.4 -46991.9 0 
3	-340563 -249643 -124360 791924 -107702 0 
3	-126765 -104411 -72134.3 281229 -106174 0 
3	-7946.89 -29496.2 -16563 39823.4 -20550 0 
3	-130564 -119061 -64899 379439 -99889.3 0 
3	-31867.5 -33764.4 -29597.6 59700.2 -27936.1 0 
3	-37635.9 -61564.6 -19207.8 136368 -35287.6 0 
3	-56418.8 -51150.2 -37600 84628 -68792.3 0 
3	-15784.2 2755.75 -12355.3 35939.4 -26867 0 
3	-64374.4 -73209.2 -53312.3 171225 -62718.2 0 
3	-113248 -124777 -86673.3 265435 -61081.7 0 
3	-120041 -140833 -117591 342561 -66179.2 0 
3	-81539.6 -77619.7 -73256.5 251522 -101578 0 
3	-24316.4 -77436.9 -29649.7 100303 -34122.2 0 
3	14931.7 -88675.9 -10876.8 70893.1 -70067.3 0 
3	-59442.2 -91491.4 -33653.9 113660 -53911.6 0 
3	-94734.5 -67325.1 -64077.9 315300 -101750 0 
3	-51611.6 -57403.9 -66046.6 136949 -59182.5 0 
3	-4464.31 -45592.6 -12266.7 41953.9 -13634.5 0 
3	1112.99 -58820.5 2503.72 120712 -61898.9 0 
3	-71836.1 -30203.1 -66631.4 70203.5 39901.1 0 
3	-26590.7 -24862.9 -27228.6 121291 -38681.5 0 
3	-23375.7 -34469.9 -19746.9 57595.2 -4051.51 0 
3	-83417.6 -168687 -73692.2 153073 -50880.8 0 
3	-75611.1 -115748 -48192 143225 -41752.9 0 
3	-63285.9 -144873 -55037.7 273578 -79081.3 0 
3	-48212 -106489 -42773.1 182717 -65787.8 0 
3	-155984 -164430 -120529 379870 -28620.5 0 
3	-35531 -30618.2 -13600.2 106651 -24070.7 0 
3	-22571.4 -37283.3 -13115 103413 -57095.8 0 
3	-166620 -66383.7 -99201 362644 -63019.8 0 
3	-84135.1 -99788.1 -84994.3 141390 -46170.3 0 
3	-3518.25 -13869 -3232.31 86639.8 -35788.2 0 
3	-101223 -77297.6 -37715.8 279890 -116301 0 
3	-150708 -185235 -65276.9 327894 -35516.8 0 
3	-56574.8 -4603.9 -31386.2 126626 -70995.6 0 
3	-66484.5 -119936 -25570.6 170346 -18871.1 0 
3	-59299.5 -79897.1 -85898.9 156760 -1219.27 0 
3	-114322 -177639 -49567.7 313183 -68823 0 
3	-43157.8 -78677 -16354.2 89339.7 -47999.4 0 
3	-183667 -256516 -68261.3 484749 -47434.5 0 
3	-70025.8 -165468 -75147 196628 -23289.8 0 
3	-32099.3 -39179.6 -7533.36 106223 -29128.9 0 
3	-61116.1 -74149.9 -39454.9 223877 -89177.3 0 
3	-77966.5 -78824.3 -67585.6 159855 -27034.3 0 
3	-61414.8 -94403.1 -57501.6 231917 -94082.3 0 
2	-374601 -81883.9 81302.9 -196678 -246614 0 
4	-108968 -51342.2 -60843 -34486.4 77303.5 0 
5	-28886.6 -369985 -51728.3 -28022.7 -364897 0 
4	-161870 -86169.6 25938.6 -103351 42270.2 0 
4	-67516.9 -112651 -50946.9 -47600.8 108062 0 
4	-100708 -41634.6 -8793.61 -36327.8 79028.3 0 
4	-12169 -48365.5 -8537.17 -11941.2 41941.7 0 
4	-68742 -154014 -5008.27 -39533.6 110943 0 
4	-60910.9 -21076.6 -17560.8 13698.4 58436.4 0 
5	-28670 -51071.7 -52324.6 -14891.7 -27733.5 0 
0	31166.7 -83605.5 3047.21 -23639.8 19035.7 0 
4	-117602 -10690.9 -10055.6 35064.3 45939.1 0 
5	-120760 -52477 -51883.1 -43214.7 -5613.33 0 
5	-20774.8 -65334.7 -38184 -35003.6 -18376.7 0 
4	-369589 -711183 -51861.9 -78888.5 421921 0 
4	-129308 -44551 -5004.99 2559.87 144983 0 
4	-296851 -58942.6 -170236 -162153 32925.7 0 
5	-729561 -83447 -55635.6 -125508 -103857 0 
2	-19732.3 -4622.25 8448.82 -30915 -21569.2 0 
4	-151778 -91853.8 -88701.6 -133891 227578 0 
2	-29789.3 -91620.4 18788.8 11250.4 -52081.7 0 
4	-120050 -52396.4 793.688 -16920.8 114972 0 
4	-107539 -28277.3 -87280.3 -5894.77 118793 0 
4	-166700 -205873 -140824 -90286.1 357479 0 
0	5422.65 -32221.5 -208.418 -4283.92 1375.1 0 
4	-232960 -157966 -149441 -193910 504011 0 
4	-89225.4 -100350 -21659 -18205.8 164933 0 
4	-43123.5 -49253.8 -27550.6 6487.04 34953.3 0 
4	-206446 -24169.8 -152490 -139811 145731 0 
4	-67911 -86484 -68000.6 -39934.8 109162 0 
4	-16444.9 -38790.2 -22816.5 -11829.2 32330.6 0 
4	56586.1 -404758 -168097 -177767 475969 0 
4	-20057.9 -96166.1 -93954.6 -66198.3 224502 0 
4	-92335.1 -111890 -54914.5 1769.81 146869 0 
4	-103189 -87253.6 -64949.8 -50364.9 137904 0 
0	86477 -101558 -28487.5 -19401.9 23998.8 0 
2	-5975.33 -62684.9 862.645 -18976.4 -29284.1 0 
4	-61091.3 -58787.1 -32991.8 -37558.7 102501 0 
4	-121417 -176625 -60018.5 -16953.7 226867 0 
4	-58783.1 -80737.8 -6139.36 -10825.5 71656.4 0 
0	45582.2 -55711.7 107.335 5383.24 -33258.9 0 
3	-24731.8 -30989.2 -14296.7 23380.5 8846.64 0 
4	-32822.9 -63234.3 -15072.8 -15373.3 47965.3 0 
4	-369550 -176140 -161245 -27245.3 81009.9 0 
4	-54373.8 -71091.9 -21647 -39210.7 936.437 0 
4	-40740.7 -150190 111405 -71528.7 130248 0 
4	-164206 -14301.4 -116328 -79017 169520 0 
4	-197446 -233387 -159567 -113524 196509 0 
2	-29690.8 -1589.57 30543.4 -3856.25 7641.15 0 
4	23518.9 -144927 -133951 -138670 301549 0 
1	-32112.8 1181.52 -14727.5 -22284.5 -18890.2 0 
4	-36546.8 -36069.1 -14842.7 -9353.93 29389 0 
4	-4774.57 -33148.3 -13445.4 -8890.24 67508.9 0 
4	-15578.9 -21371.2 -11145.5 -10440.3 14719.7 0 
4	-68561.6 -112111 -77673.1 -39932 41049.8 0 
4	-163767 -178028 -6786.43 -68635.1 274435 0 
4	-163862 -54756.9 -69699.5 -144915 210842 0 
4	-160981 -81982.5 -76687.1 -117706 224289 0 
4	-131705 -161650 9326.04 -81695 97385.8 0 
4	-150943 -113591 -32952.4 -88611.1 221652 0 
4	-177318 -60440 -25800.3 -68428.9 88162.5 0 
4	-96532.4 -154869 -60021.1 -83864.7 177108 0 
4	-148165 -207738 -29049.7 -103434 322569 0 
4	-19507.9 -26454.6 12655.7 -10975.1 17660.1 0 
4	-286001 -19388.6 -158678 -143674 378670 0 
4	-30480.3 -69362.6 16492.4 -7973.61 29610.6 0 
5	-96458.8 -109108 -54073.4 -57270.5 -24161.3 0 
2	-51268.2 -78542 117543 -35900.5 11899.4 0 
5	-282391 -260190 -245895 -310377 -99980.7 0 
4	-49168.7 -87980.8 -4952.02 -15557.1 28292.4 0 
4	-111035 -109894 -43924.6 -91934.4 26830.6 0 
4	-49896.8 -30769 -9148.17 -16770.4 12008.3 0 
4	-44795.5 -61999.8 -2281.95 -13290.2 44173.3 0 
4	-479337 -335790 -194243 -236872 113925 0 
5	-142252 -129813 -28227.4 -79410.7 -22704.8 0 
5	-117081 -31149.1 -43148.5 -77241.5 -70526.3 0 
5	-246195 -159935 -36564.5 -71583.2 -24420.1 0 
5	-75002.5 -200266 -139487 -451886 -333470 0 
1	-236077 14909.1 -72912.3 -30519.7 -129090 0 
4	-277011 -273043 -162702 -172838 47967.2 0 
4	-255664 -310122 -162904 -125281 81326.9 0 
5	-685892 -605243 -541224 -698785 -577192 0 
4	-245466 -351601 -102788 -117953 149545 0 
4	-378667 -69228.3 -254861 -276329 149947 0 
5	-201652 -207794 -99549.2 -92186.1 -69980.7 0 
1	-521793 246648 -254807 -214044 -211008 0 
4	-117417 -98791.2 -97432 -58732.3 114.151 0 
4	-60824.9 -74659.8 3776.89 -10459 8955.61 0 
5	-13452.4 -149076 -50657.5 -91390 -26217.9 0 
4	-30931.1 -45179.7 15157.7 -11567.5 34065.8 0 
5	-119932 -206746 -141362 -196407 -125262 0 
4	-134336 -56659.1 -88298.6 -25527.3 31866.1 0 
4	-45078.7 -58202.3 28660.2 -26873.8 69330 0 
4	-13457 -99839.5 -6605.32 -75196 30895.3 0 
4	-47346.5 -64303 6594.02 -23971.9 23685.8 0 
5	-390928 -400482 -116939 -179593 -55511.9 0 
2	-202149 -203280 55496.8 -73920.9 -18635.2 0 
4	-182536 -174592 -89388.9 -81876.8 41242.6 0 
5	-417244 -147514 -316119 -199656 -170091 0 
4	-88566.6 -123702 -55259.4 -60740.6 11933.4 0 
5	-163191 -89192.6 -59076.9 -115857 -22456.4 0 
5	-50842.3 -166430 -50882.9 -75049.3 -2287.91 0 
0	66157.8 -86561.2 29045.2 -78678 -31860.8 0 
2	-276943 -109329 243013 -199794 -102289 0 
5	-247956 -251458 -166382 -148482 -107288 0 
1	-144753 46595 -154509 -322842 -104608 0 
4	-37449.5 -43186.9 3632.41 -19587.5 37023.2 0 
4	-66021.6 -55272.1 31659.4 -7534 48945 0 
5	-158133 -142126 -129659 -97760.7 -6989 0 
4	-216312 -157009 -247281 -237690 5715.32 0 
4	-69629.5 -29483.5 34646.8 -10151.7 38362.3 0 
4	-19507.9 -26454.6 12655.7 -10975.1 17660.1 0 
5	-139480 -122982 -26288 -77451.8 -20032.9 0 
5	-395292 -357833 -247459 -115902 -252838 0 
5	-158656 -53190.7 -36951.8 -67179.2 -81654 0 
5	-40157.9 -22587.2 -14900.6 -6415.27 -5101.3 0 
5	-6128.17 -38930.6 -16891 -23408.1 -28534.4 0 
5	-234841 -129752 -151840 -94546.7 -10704.1 0 
5	-45697.4 -31711.2 -69645.6 -54873.7 -49517 0 
5	-66984.7 -133505 -82352.8 -69855.2 -93514.7 0 
5	-66023.9 -105845 -67312.7 -50962.1 -82472.5 0 
3	-11461.7 -228133 -161238 26532.5 -396957 0 
5	-152109 -274265 -147110 -8386.91 -259672 0 
3	-58996.7 -141595 -56855 17732.3 4761.57 0 
5	-287337 -180286 -181797 -196629 -222425 0 
5	-110008 -66085.8 -69324.9 -4438.95 -87060 0 
5	-41839.8 -167972 -62177.8 -38910.3 -145769 0 
5	-222021 -143565 -154802 -100564 -118136 0 
5	-260753 -214830 -189202 -182322 -266790 0 
5	-243893 -123225 -101641 -112693 -114977 0 
5	-59523.9 -59011.8 -33910.9 -47535.6 -44802.8 0 
1	-104912 88727.6 -40800.8 -84719 -185158 0 
5	-26045.7 -23062 -17136.9 -16434.5 -14928.4 0 
5	-103551 -45564 -33785.4 -95603.5 -99179.2 0 
5	-276755 -197693 -282469 -217783 -120604 0 
5	-358462 -81359.1 -163484 -51574.3 -187717 0 
3	-22093.2 -56473.8 -22004.1 7628.26 -22919.2 0 
5	-216509 -61149.6 -169761 -111515 -168425 0 
5	-280549 -334376 -224669 -250503 -326025 0 
5	-286737 -78661.4 -278406 -333383 -537713 0 
5	-132859 -91680.2 -180551 -131375 -137028 0 
5	-20530 -72954.8 -27951 -5478.49 -49727.7 0 
5	-250802 -209028 -212526 -159988 -246561 0 
5	-81896 -179941 -102878 -86065.4 -14604.2 0 
5	-31916.6 -36655.1 -28269.8 -20135.8 -12946.3 0 
5	-112444 -147341 -67352.4 -49468.6 -93127.8 0 
5	-280669 -55011.4 -135990 -165647 -246309 0 
5	-10681.4 -41081.5 -16628.2 -2679.18 -10692.8 0 
5	-160081 -140253 -77355.6 -45510.2 -93357.4 0 
5	-502209 -432302 -208833 -207647 -285305 0 
5	-117682 -122212 -97950.4 -75011.5 -98505.5 0 
5	-25559.6 -39935.3 -32690.4 -15475.9 -18923.5 0 
5	-129496 -203081 -143253 -84644.6 -192040 0 
5	-246712 -101021 -109627 -57324.2 -132329 0 
0	2917.68 -47738.3 -2572.78 1014.89 -18313.4 0 
1	-36878.8 4496.26 -27520.7 -42875.4 -27162.8 0 
5	-288876 -209990 -208105 -235428 -283936 0 
5	-189585 -252657 -206976 -112927 -106571 0 
5	-269394 -102400 -152105 -141783 -194038 0 
5	-167737 -198118 -158796 -84110.5 -180814 0 
5	-83034.5 -153154 -44811.6 -30017.8 -71075.1 0 
5	-175692 -79912.1 -253895 -201146 -176307 0 
5	-179030 -308430 -181473 -97644.9 -149913 0 
3	-25408.3 -74270.9 -41700 1110.7 -63959.5 0 
3	-168888 -103896 -64366.8 1722.22 -99137.8 0 
5	-74470.3 -120834 -54503.8 -14772.2 -83523.1 0 
5	-57159.2 -94880.6 -37390.9 -13980.2 -22069.9 0 
5	-177149 -152581 -173422 -137655 -189760 0 
5	-21609.5 -90684.9 -94706 -70924.8 -77935.4 0 
5	-266653 -113340 -180441 -121929 -137467 0 
5	-477643 -531885 -295412 -221296 -372314 0 
5	-373716 -67035.5 -129155 -280087 -269249 0 
4	-310671 -179456 -237763 -154512 26406 0 
5	-187602 -166222 -164579 -182748 -229580 0 
5	-108773 -98591.7 -50170.8 -30038.5 -58387 0 
3	-10325.4 -67179.9 -7239.97 5085.3 -38085.8 0 
5	-170436 -138979 -143249 -74658.9 -101888 0 
5	-45420.8 -95991.1 -45038.8 -31340.5 -60297.6 0 
5	-104808 -173036 -181694 -157623 -119034 0 
5	-190402 -388891 -129323 -176278 -282749 0 
5	-228127 -91735.3 -219655 -206854 -205257 0 
5	-294985 -295811 -182439 -189455 -116992 0 
4	-60341.7 -98817.4 -85985.2 -70207.5 90382.4 0 
5	-63846 -42857 -40422.1 -28937.2 -18184.1 0 
5	-333034 -293019 -193918 -169130 -338998 0 
5	-135742 -30598.9 -88340.9 -70542.2 -41657.4 0 
0	1354.16 -24597.1 -34464.1 -13630 -10026.7 0 
5	-640567 -428819 -386040 -303373 -466549 0 
5	-137063 -217726 -139128 -159624 -151691 0 
5	-55775.4 -95130.3 -64472 -51909.7 -98253 0 
4	-81435.9 -147344 -87759 -62298.3 19332.9 0 
5	-89199 -89068.1 -87260 -65525.2 -84708.6 0 
5	-38817.1 -88309.7 -52096.3 -56258.7 -67702.8 0 
5	-242089 -340506 -160956 -163671 -214615 0 
5	-34264.1 -62710.9 -43086.2 -59253.4 -140867 0 
5	-93095.5 -102846 -97171 -40996.4 -24603.9 0 
5	-19571.3 -40110.8 -5285.62 -43561.4 -25130.7 0 
5	-60223.7 -81068.6 -46118.1 -45903.4 -62572.7 0 
5	-181534 -102619 -158643 -122541 -119007 0 
5	-50420.3 -74478.4 -27119 -53884.2 -69028.3 0 
5	-123709 -46270.3 -93982.7 -46594.2 -85790.5 0 
5	-120915 -149982 -77871.3 -93731.8 -84750.7 0 
5	-64537.3 -45302.4 -52333 -30850.9 -64943.5 0 
5	-282486 -41426.3 -246330 -190899 -191329 0 
5	-379183 -242971 -268407 -180367 -320662 0 
5	-170882 -52027.3 -117603 -97603.6 -182447 0 
5	-85968.3 -116986 -48312.8 -26409 -82768.1 0 
5	-253098 -1333.53 -127157 -223830 -204882 0 
5	-357362 -330360 -143683 -155754 -391062 0 
5	-21042.6 -87203.3 -18044.6 -3437.43 -49441.4 0 
5	-157695 -113626 -128906 -98733.3 -191594 0 
3	-7450.72 -34860.8 -14312.7 7746.42 -32631.1 0 
5	-225147 -132242 -147318 -140149 -196519 0 
2	-2391.06 -46375.1 2322.43 877.778 -12324.9 0 
0	4448.91 -82320.2 -34815.2 -21159 -76594.8 0 
